q(:,1) = deg2rad([-109.19 80.81 64.66 70.93 0.25 -88.23 63.10]');

phid = [pi/2 pi/2 pi]'; 
pd = [-0.48 -0.23 0.58]';
K = eye(6)/100;
t = 500000;


-1.6545
    0.8853
   -1.6614
    1.6311
    0.6731
   -1.6646
    4.6035

c6 =    -1.8881
         1.4197
         1.1274
         1.2697
         0.0046
        -1.5217
         1.1038



85 85 100 75 130 135 135 


0.55020 0.37742 -0.22219


-53.41 112.63 -13.84 92.16 -41.09 -97.44 -23.31

98 98 100 130 140 180 180 


170 120 170 120 170 120 75

2.9671    2.0944    2.9671    2.0944    2.9671    2.0944    3.0543